1
23
25
27
41
240
262
294
317
329
352
389
397
407
430
444
460
470
482
496
511
520
588
602
611
630
647
679
698
706
735
744
759
790
808
809
812
835
862
880
907
943
966
988
1007
1041
1067
1096
1123
1131
1151
1188
1189
1190
1191
1192
1194
1213
1249
1268
1285
1303
1317
1340
1359
1417
1423
1432
1451
1471
1496
1515
1533
1548
1559
1603
1634
1652
1667
1682
1732
1753
1769
1790
1808
1815
1821
1830
1851
1870
1891
1914
1935
1948
1957
1980
1992
2015
2038
2060
2097
2124
2154
2166
2183
2208
2229
2245
2256
2273
2297
2309
2328
2344
2359
2371
2393
2417
2427
2495
2512
2521
2554
2588
2603
2630
2656
2691
2714
2733
2754
2855
2920
2947
2956
3008
3009
3028
3039
3129
3148
3159
3177
3215
3218
3267
3268
3292
3303
3328
3348
3375
3406
3421
3435
3447
3457
3473
3497
3514
3532
3554
3578
3615
3631
3692
3693
3740
3747
3784
3786
3788
3790
3821
3824
3839
3859
3881
3884
3892
3899
3914
3931
3961
3966
3968
3971
3984
4019
4058
4085
4157
4176
4203
4204
4205
4206
4208
4210
4211
4218
4219
4221
4222
4232
4246
4285
4294
4314
4322
4359
4364
4373
4411
4473
4485
4527
4545
4551
4567
4575
4601
4642
4680
4695
4716
4722
4738
4750
4766
4782
4793
4804
4814
4825
4845
4864
4885
4894
4917
4932
4949
5001
5014
5031
5040
5077
5100
5108
5113
5172
5196
5217
5285
5297
5317
5329
5345
5361
5383
5397
5415
5431
5455
5463
5494
5507
5525
5547
5558
5571
5594
5622
5636
5652
5708
5720
5736
5746
5765
5787
5807
5827
5839
5863
5876
5892
5927
5953
5962
5983
5999
6043
6070
6086
6113
6158
6173
6190
6209
6225
6247
6271
6312
6341
6347
6375
6426
6448
6479
6510
6511
6527
6553
6592
6607
6643
6667
6675
6688
6711
6759
6784
6802
6824
6844
6868
6891
6901
6918
6927
6944
6961
6984
7003
7046
7058
7077
7095
7117
7155
7165
7197
7212
7225
7259
7273
7293
7315
7344
7357
7371
7396
7406
7416
7424
7448
7455
7473
7487
7514
7546
7560
7578
7604
7636
7646
7666
7681
7709
7717
7736
7750
7764
7773
7792
7816
7833
7848
7860
7905
7915
7927
7940
7949
7962
7972
7990
8004
8048
8070
8109
8139
8165
8188
8207
8244
8256
8278
8292
8303
8322
8355
8378
8394
8442
8457
8476
8493
8516
8525
8551
8569
8593
8613
8632
8640
8659
8673
8689
8721
8746
8768
8792
8793
8802
8813
8835
8852
8862
8884
8897
8915
8936
8950
8963
8983
9038
9087
9144
9156
9165
9181
9198
9206
9221
9247
9273
9284
9310
9329
9343
9359
9395
9419
9448
9492
9590
9609
9718
9719
9744
9879
9888
9894
9910
9923
9935
9952
9973
9993
10027
10037
10065
10066
10073
10091
10106
10116
10126
10144
10155
10173
10198
10220
10242
10279
10285
10301
10333
10334
10339
10341
10373
10374
10376
10996
11003
11004
11011
11012
11013
11014
11015
11020
11021
11023
11024
11032
11044
11045
11046
11047
11048
11052
11053
11054
11061
11063
11064
11066
11068
11069
11074
11075
11079
11080
11081
11082
11085
11086
11087
11088
11089
11091
11159
11185
11227
11246
11256
11269
11293
11320
11336
11344
11354
11372
11390
11408
11468
11484
11526
11553
11565
11579
11594
11616
11636
11657
11686
11696
11722
11723
11738
11751
11787
11799
11819
11850
11859
11900
11908
11926
11946
11963
11984
12007
12030
12048
12061
12068
12091
12113
12134
12155
12185
12199
12227
12228
12241
12259
12300
12320
12356
12368
12379
12400
12410
12424
12440
12456
12465
12494
12507
12525
12565
12586
12609
12641
12650
12669
12691
12707
12752
12780
12796
12812
12834
12858
12879
12911
12928
12947
12953
12970
13016
13026
13044
13064
13079
13088
13098
13109
13122
13135
13154
13203
13210
13236
13259
13278
13326
13344
13370
13384
13404
13411
13426
13440
13448
13462
13474
13485
13505
13517
13598
13616
13632
13645
13654
13707
13717
13732
13750
13774
13790
13812
13837
13857
13879
13901
13942
13950
13957
13958
13966
13967
13968
13969
13970
13971
13995
14011
14028
14052
14081
14133
14141
14153
14166
14192
14209
14254
14306
14320
14343
14387
14401
14449
14468
14479
14528
14539
14554
14589
14607
14630
14642
14675
14690
14715
14729
14745
14753
14788
14827
14833
14887
14899
14918
14942
14958
14988
15023
15047
15056
15069
15101
15126
15140
15174
15199
15220
15242
15264
15284
15296
15307
15319
15334
15346
15362
15386
15396
15414
15433
15455
15481
15501
15519
15533
15542
15568
15678
15701
15747
15748
15749
15769
15770
